19441
128952
136348
140557
145031
145776
151642
176721
186455
186491
186962
188380
190354
191318
193198
196408
197427
208322
211589
212238
212357
214925
221265
221284
221754
221840
223028
223573
223780
224371
225924
226299
226443
227346
227415
227862
16582
17424
17058
17106
18268
27821
67960
146244
160790
174987
175115
175245
177405
179394
179876
181775
183567
190082
191447
195743
205032
211050
217685
224775
228118
49028
49858
59120
60750
61141
65777
68556
68818
69863
69896
70889
72945
73199
76834
79361
79974
82252
86097
92129
93137
93425
93773
97339
99649
100223
100281
100374
102831
103270
110326
117198
33208
30821
16595
17057
17821
18621
18671
18771
18776
18859
19126
19390
19430
19556
19632
19693
19852
19881
19937
20091
20131
20353
20357
20445
20503
20553
20556
20620
20666
20715
20801
20842
20871
20911
21004
21091
21096
21666
21671
21963
22720
23752
24728
25245
25839
26862
27229
27591
27594
29127
19404
20267
20777
20779
21356
36684
122498
122618
123124
123726
125243
127315
128466
130083
132153
132556
134128
135662
139510
141125
142830
146981
152302
152696
153403
155140
165704
177267
177296
177716
181646
184493
185348
188578
189116
190338
192386
197519
198759
203245
204735
204771
208771
210198
210721
212412
213538
213563
215784
216153
217198
217782
219380
221192
223258
224125
226591
17820
18431
19619
17553
21635
18140
43177
52151
52366
54610
55381
58268
58318
63865
69590
72944
76031
82251
82692
82871
86555
87965
88264
88672
89216
90157
92867
93696
94684
103189
109800
111408
114296
116162
118060
63820
153349
171358
175824
176995
177848
183224
186297
192003
199395
204588
206554
210276
211367
215462
220527
222101
65128
68558
70169
71289
72470
76142
82017
82579
151082
18833
222117
16619
18851
16702
17736
18617
19388
20039
20047
20213
20351
20437
20712
20833
21500
21658
22400
22547
23153
24563
24623
25383
26783
27727
28791
122411
124026
124104
126364
126377
127078
127324
127581
131108
131866
133644
133703
134721
137265
137851
138837
139265
140252
143132
144950
147680
147738
150395
151162
152631
154566
155039
155207
156126
159353
159365
160031
160779
163542
165255
165738
168626
170237
172013
172032
172052
172333
173730
173771
174224
174322
175308
177735
185537
186051
186282
186506
186750
186823
187132
187720
189496
189502
190153
190386
190705
191924
192913
193454
193722
194883
196297
196387
197307
200759
201608
201832
202363
203172
204452
205227
205897
208889
208892
212034
212414
213322
213391
215201
215839
215876
216002
216595
216611
216818
218076
218124
220033
220268
220823
221060
224224
224287
225789
226031
27696
20577
20680
23404
17337
48828
55324
57646
57648
63845
64323
64632
66284
67474
67675
71110
75005
75358
76684
76750
77123
79897
84903
84992
85401
87636
87814
89752
91587
93891
94025
94664
96693
96751
98731
100372
100599
102755
104291
105156
107419
107741
108982
113127
113666
114649
115693
216562
16561
28264
66757
130609
139729
144576
168406
170018
170882
173463
175603
176504
183693
187967
193569
196291
196295
198203
201620
205502
208705
209934
211299
213897
215399
216969
226593
16556
20949
26976
56723
66412
71441
73817
75004
76029
76459
80019
82468
86919
86995
87087
170641
17784
24875
47116
18246
18444
18797
19494
19616
19921
20133
20847
21007
22316
22470
22485
24017
24489
27893
39514
122163
122406
124084
124262
124317
124640
125246
125917
126731
128644
130091
132605
132910
133222
137910
138742
138898
139168
139300
139874
143960
147030
147305
147927
148547
148572
150999
151750
153146
153462
153813
155147
162651
164343
164450
167303
167694
168807
170125
170596
171718
173274
174947
175123
177661
178161
179215
179495
179706
181537
181599
181758
181944
182767
182855
183343
184397
184741
185409
185426
185527
186257
186258
186861
188059
188630
188639
189070
190084
190148
190378
190808
191183
191462
191477
191895
193555
193568
195978
196312
197722
198507
198522
199264
200085
200190
200909
201110
201304
201330
201754
201834
202285
202680
202930
203486
203877
204007
204059
204941
205646
207998
208778
209250
210607
210705
211539
212022
212036
212736
212767
213353
213367
215189
216130
216210
216216
216518
216545
216558
216917
217649
220154
220157
220308
223571
224580
224586
224867
226905
227414
16558
18836
19199
19711
20080
20436
20669
20710
22935
24492
24723
24917
33209
39062
44657
50025
50048
52319
56454
57346
59980
60026
61268
61579
62694
64326
65018
65411
65413
66193
68984
70558
70910
73496
73742
76456
76648
77588
79653
80001
84334
85085
85160
86103
87516
87594
89289
89526
89649
90867
93740
95585
97038
97407
99300
99379
99540
99770
102152
102316
102705
102877
104180
104463
104655
104722
104790
105351
106570
106865
108995
109578
111550
114312
114502
114584
115577
119759
120697
120840
193709
215407
221889
17647
18820
19108
20629
24561
121839
121924
121965
122109
122678
122706
123169
123512
124121
126391
127333
128522
130640
131101
132480
132610
133797
134542
135089
135904
136326
137576
137582
137654
138158
138166
138541
141354
142659
143037
143047
143125
144709
146320
146897
146990
148569
148605
148756
150801
151702
152391
153144
154563
155063
155125
155179
155219
155784
156138
156205
160845
161368
161382
161611
163924
163961
164375
164381
164608
165222
165771
166301
166397
166982
167395
168222
168876
170164
171329
172699
173774
173848
174208
174312
175031
175131
175318
175610
175981
176129
176427
176665
177214
177674
177890
178153
178172
178434
179473
180318
181297
182117
182852
182921
183389
184817
184894
185528
186274
186334
186442
186576
186956
187133
187402
187961
188108
188585
188635
188872
189793
190140
190329
190915
191364
191518
192036
192977
193558
194342
194496
194687
194760
195262
195582
196384
197061
197309
197508
197695
198159
199242
199309
199404
199706
200277
200775
202448
202868
203985
204016
205276
206284
206401
207733
207807
208141
208551
209602
209629
209945
210488
210531
211202
211303
211534
212364
213348
214507
214917
215203
216630
217784
218338
219098
219659
220651
220656
220886
220900
221531
222591
222631
224037
224552
224634
224844
224882
224886
225248
225282
225542
226040
226725
226928
227242
16554
20252
61578
62656
63073
64516
69278
69651
79076
79867
82133
109977
146927
149404
19665
19792
134245
140604
167633
168621
170902
170931
172033
174047
175471
175832
178284
179884
185132
187793
190098
190135
191932
196413
202394
204428
217852
227635
18162
44659
47386
52623
59623
59818
61686
61754
63188
65173
65235
66720
69358
70028
70267
70468
71092
71118
72606
74936
76627
76701
79468
79551
79661
81029
81352
82116
83129
83538
84434
85521
85522
85960
86041
86344
86482
86566
86695
86991
89729
90119
90226
90326
90745
90869
91583
92010
92677
93025
93031
93132
93592
93827
94014
94669
94909
94995
95210
96956
96991
98249
98278
98404
98714
99025
100509
100679
100733
101079
101198
101756
102120
102153
102184
102776
105260
105674
105705
106502
107919
107961
109634
109801
111337
112409
113130
113634
113897
114307
114405
115915
116024
117000
117313
119823
120366
151843
179183
186546
196063
211295
17240
18775
28477
20079
24739
30571
17066
37762
16536
121613
121691
122151
123123
123392
123706
124128
124320
124552
124633
125033
126120
127554
128767
129211
129238
129682
129684
133046
134417
135788
136009
137504
137805
140564
140882
141153
142471
142724
143849
144300
144622
144626
144739
145084
145787
145841
146408
146797
147690
148206
150118
150334
150738
151394
152943
155949
159759
159940
159943
161580
161907
162907
163470
163923
164352
164880
165809
166179
166426
166585
168150
168804
169484
170266
170271
170491
170682
170981
171538
171926
172038
172116
172532
172897
173350
175323
175563
175584
176150
176868
176897
176985
177887
177889
177892
178420
179429
179692
179702
181405
181587
181603
181760
181834
182095
182189
183049
183395
184454
184630
184635
185166
185430
186839
186872
186951
187116
187244
187245
187246
187528
187566
188233
188633
188745
188896
190145
190162
190387
190601
190614
191306
191825
191850
192039
192460
192953