20778
20925
22061
23241
24083
24120
25667
17511
126121
127212
129208
130313
130395
136906
137111
151090
153660
155590
161191
161696
163155
164158
174953
175014
176576
182051
182851
184591
199048
204720
208060
208871
209939
211545
213296
215302
216641
227218
227279
227844
228171
85433
17649
18622
59598
88432
144579
152221
176885
179471
209156
42581
43274
43423
45216
45880
45941
46326
47126
48811
50279
50646
50730
50910
52348
53166
54122
58024
62790
62901
65233
65538
66752
68141
69384
81428
81616
81652
81682
82704
82814
88663
89057
91654
94008
97495
100309
102284
107767
107957
110051
16747
17201
17583
19247
47209
61684
61846
18448
27948
28116
17913
18008
18253
18345
18445
19484
21608
21792
23744
24688
26369
28411
36005
19542
29833
55347
56351
19788
20253
20354
20459
20619
20818
20904
21217
21645
21740
22627
22742
22917
22922
24045
24697
25814
29126
124082
127939
128909
129300
134326
137676
139667
140310
164849
179757
182870
186513
189095
190548
193639
194418
198663
200679
203750
204994
209251
210090
213028
215850
219637
220205
220473
220609
221535
223022
17304
61448
79656
17338
48144
17024
21678
45341
45894
46888
47260
49009
49815
50045
50187
51685
52594
53645
56235
58321
60773
62726
62928
63076
70339
71338
71777
73149
74157
74235
77384
81353
81500
82521
87637
88826
93298
96989
98730
99625
100602
104788
105715
108545
109672
115111
119575
119640
120624
53502
43227
174053
194230
226185
17049
17262
17305
17581
17650
18106
18123
18423
18480
18595
19801
19837
20582
20667
21488
21662
22596
26905
27572
27846
48167
16519
44359
48429
56425
58270
60046
82881
88999
112179
118900
28981
20223
129160
130177
133450
141694
144701
144711
149983
151086
152376
153651
161210
162655
168205
174329
176574
177790
179755
185986
190371
190853
191744
197880
198745
204444
204732
206535
208876
212308
213396
213527
217219
221902
226810
227075
227543
51019
19710
19755
20093
20427
21312
21638
21794
22595
24003
27820
41651
44887
45359
46017
46641
46780
50134
50836
54894
61524
63893
65801
66085
70152
70901
71506
71713
75734
76814
82679
82869
86785
87399
87673
90625
90690
91581
92538
93034
96154
104404
105580
105911
109700
111275
119241
18465
19979
18274
20755
42926
151385
169308
176479
179146
181647
187994
204729
206044
208325
222205
222378
17044
17472
17891
18097
18228
18357
18433
18792
19269
19306
19309
19470
19557
19761
20106
20390
21008
22930
23459
23925
25472
26772
27375
27547
30018
39859
40352
40413
47870
61581
81657
82666
82956
120841
121687
122335
127255
131107
131936
132093
137368
142922
143606
155260
155558
164819
166513
168032
168134
168449
168540
169316
175333
175578
175912
177183
181722
191488
199624
208536
217311
219550
220588
220930
223200
223923
224133
226845
65409
94362
42262
42532
45025
45166
45229
49202
54449
55471
60768
61263
69801
70104
70904
72957
77657
83162
87424
89835
92134
92658
92664
93900
98705
100507
102505
105611
106030
115467
118488
21656
22376
22626
22744
22748
28638
36173
17279
17981
18458
18421
17122
17336
18249
18372
18639
18788
18799
18940
19128
19281
19415
19421
19569
19576
19689
19927
20155
20335
20386
20472
20657
20790
20822
20888
21049
21499
21634
21674
22824
22925
23224
23403
24241
24804
26308
26519
26521
26733
26872
27518
30038
35889
36443
18019
21944
122165
122414
122459
125612
126642
129235
130612
135902
139251
140841
143887
160027
162640
166791
176982
177156
177209
180087
181810
185529
190834
191460
192295
193881
199192
211376
212359
212362
216845
219414
222506
224402
225817
60880
175543
185884
192111
192304
197053
206052
206583
206950
224422
227765
16906
29332
16872
19572
21095
21236
46169
49212
61318
68892
78256
84412
160022
18809
19341
93559
114007
226685
47839
49201
49973
51142
59282
60401
64138
65250
65458
75009
79350
82682
83686
86234
86693
88477
97408
99567
106774
108243
109053
111529
112924
114546
115019
46836
19876
19882
21526
23780
29453
16681
17018
17335
17890
18772
18808
18825
19183
19488
19574
19636
19730
19762
19934
20058
20096
20160
20195
20266
20324
20355
20398
20399
20400
20434
20531
20588
20661
20852
20864
20887
20920
21057
21360
21612
21773
21946
22029
22325
22462
22614
22740
23776
23778
23979
24047
24719
25840
25841
26452
26725
26785
27571
27574
27698
27819
28372
28417